C:\Users\USER\Desktop\all tests\Wang-04-15\1\1-event.TXT
C:\Users\USER\Desktop\all tests\Wang-04-15\1\1-event.TXT
Express-8 (r) Location Version 
Version V5.94

4/20/2026, 12:13:47

128            0.0000000		Acquisition Running
 ID     SSSSSSSS.mmmuuun  CH  RISE  COUN  ENER  DURATION AMP  ABS-ENERGY
* Gp# 1[1,3,5,6] x,y,z = -8.996, 14.46, 18.98, q = 1 dT[9, 23, 29] Src Amplitude = 51.0
*           1082.6430145   1     1    11     1        64  51 212.577E+00
*           1082.6430235   3     1     2     0         1  46   0.000E+00
*           1082.6430370   5     1     4     0         1  46   0.000E+00
*           1082.6430430   6     1    11     2        96  51 326.844E+00
* Gp# 1[3,1,5,6] x,y,z = -9.679, 16.6, -3.793, q = 1 dT[6, 21, 27] Src Amplitude = 47.0
*           1091.6373335   3     1     3     0         8  47  20.185E+00
*           1091.6373395   1     1     8     1        56  51 178.757E+00
*           1091.6373540   5     1     4     0        34  47  35.503E+00
*           1091.6373600   6     1    11     2        96  51 324.466E+00
* Gp# 1[3,1,5,6] x,y,z = -9.974, 18.54, 1.339, q = 1 dT[3, 18, 24] Src Amplitude = 48.0
*           1101.2568465   3     1     3     0         5  48  15.132E+00
*           1101.2568495   1     1     9     1        53  51 166.825E+00
*           1101.2568640   5     1     4     0         1  47   0.000E+00
*           1101.2568700   6     1    10     2        96  51 322.181E+00
* Gp# 1[1,3,5,6] x,y,z = -9.297, 22.49, 7.515, q = 1 dT[1, 15, 21] Src Amplitude = 51.0
*           1107.4468965   1     1     8     1        56  51 174.734E+00
*           1107.4468975   3     1     3     0         1  47   0.000E+00
*           1107.4469110   5     1     4     0         1  46   0.000E+00
*           1107.4469170   6     1    11     2        96  51 322.892E+00
* Gp# 1[1,3,5,6] x,y,z = -9.297, 22.49, 7.515, q = 1 dT[1, 15, 21] Src Amplitude = 51.0
*           1110.6986225   1     1     9     1        56  51 174.925E+00
*           1110.6986235   3     1     3     0         1  46   0.000E+00
*           1110.6986370   5     1     4     0        34  46  37.332E+00
*           1110.6986430   6     1    11     2        96  51 321.372E+00
* Gp# 1[1,3,5,6] x,y,z = -9.297, 22.49, 7.515, q = 1 dT[1, 15, 21] Src Amplitude = 51.0
*           1113.1687995   1    14     9     1        56  51 174.606E+00
*           1113.1688005   3     1     2     0         4  47  10.299E+00
*           1113.1688140   5     1     3     0         1  46   0.000E+00
*           1113.1688200   6     1    10     2        96  51 321.201E+00
* Gp# 1[1,3,5,6] x,y,z = -8.996, 14.46, 18.98, q = 1 dT[9, 23, 29] Src Amplitude = 51.0
*           1116.4995335   1     1    11     1        64  51 205.423E+00
*           1116.4995425   3     1     4     0         1  45   0.000E+00
*           1116.4995560   5     1     3     0         1  47   0.000E+00
*           1116.4995620   6     1    11     2        96  51 315.457E+00
* Gp# 1[1,3,5,6] x,y,z = 6.318, 10.28, 18.21, q = 1 dT[13, 27, 29] Src Amplitude = 51.0
*           1119.8471895   1     1    10     1        65  51 207.201E+00
*           1119.8472025   3     1     3     0         1  47   0.000E+00
*           1119.8472160   5     1     4     0         1  47   0.000E+00
*           1119.8472180   6     1    12     2       100  51 328.059E+00
* Gp# 1[1,3,5,6] x,y,z = -8.996, 14.46, 18.98, q = 1 dT[9, 23, 29] Src Amplitude = 51.0
*           1128.7805815   1     1    10     1        61  51 193.280E+00
*           1128.7805905   3     1     3     0         1  47   0.000E+00
*           1128.7806040   5     1     3     0         1  47   0.000E+00
*           1128.7806100   6     1    11     2        96  51 317.065E+00
* Gp# 1[1,3,5,6] x,y,z = -8.996, 14.46, 18.98, q = 1 dT[9, 23, 29] Src Amplitude = 51.0
*           1129.1641175   1     1    10     1        64  51 204.955E+00
*           1129.1641265   3     1     3     0         1  46   0.000E+00
*           1129.1641400   5     1     4     0         1  47   0.000E+00
*           1129.1641460   6     1    11     2        93  51 309.394E+00
* Gp# 1[1,3,5,6] x,y,z = -8.996, 14.46, 18.98, q = 1 dT[9, 23, 29] Src Amplitude = 51.0
*           1132.0202925   1     1     9     1        64  51 200.805E+00
*           1132.0203015   3     1     2     0         1  47   0.000E+00
*           1132.0203150   5     1     4     0         1  47   0.000E+00
*           1132.0203210   6     1    11     2        96  51 318.846E+00
* Gp# 1[1,3,5,6] x,y,z = -8.996, 14.46, 18.98, q = 1 dT[9, 23, 29] Src Amplitude = 51.0
*           1141.1715665   1     1     9     1        64  51 198.254E+00
*           1141.1715755   3     1     3     0         4  46   8.317E+00
*           1141.1715890   5     1     4     0         1  47   0.000E+00
*           1141.1715950   6     1    11     2        96  51 315.026E+00
* Gp# 1[1,3,5,6] x,y,z = -10.51, 14.6, 10.95, q = 1 dT[3, 20, 26] Src Amplitude = 50.0
*           1175.6232725   1     1     9     1        61  50 176.592E+00
*           1175.6232755   3     1     3     0         4  48  10.322E+00
*           1175.6232920   5     1     3     0        43  46  57.966E+00
*           1175.6232980   6     1    11     2       100  51 325.744E+00
* Gp# 1[1,3,5,6] x,y,z = 6.547, 15.43, 12.49, q = 1 dT[9, 23, 25] Src Amplitude = 51.0
*           1178.9827295   1     1    10     1        64  51 189.239E+00
*           1178.9827385   3     1     3     0         4  46   7.836E+00
*           1178.9827520   5     1     3     0        18  48  27.460E+00
*           1178.9827540   6     1    12     2       121  51 354.360E+00
* Gp# 1[1,3,5,6] x,y,z = -8.996, 14.46, 18.98, q = 1 dT[9, 23, 29] Src Amplitude = 51.0
*           1181.7891665   1     1     9     1        61  51 177.513E+00
*           1181.7891755   3     1     3     0        13  47  23.897E+00
*           1181.7891890   5     1     3     0        18  48  28.139E+00
*           1181.7891950   6     1    11     2       117  51 341.908E+00
* Gp# 1[1,3,5,6] x,y,z = 6.547, 15.43, 12.49, q = 1 dT[9, 23, 25] Src Amplitude = 51.0
*           1200.3432955   1     1     8     1        64  51 182.965E+00
*           1200.3433045   3     1     3     0        13  47  24.669E+00
*           1200.3433180   5     1     3     0        46  47  70.796E+00
*           1200.3433200   6     1    11     2       104  51 335.048E+00
* Gp# 1[1,3,5,6] x,y,z = -11.97, 5.159, 11.53, q = 1 dT[3, 23, 29] Src Amplitude = 50.0
*           1200.7267055   1     1     9     1        64  50 180.347E+00
*           1200.7267085   3     1     3     0         4  48   9.916E+00
*           1200.7267280   5     1     3     0        46  47  69.828E+00
*           1200.7267340   6     1    11     2       100  51 326.877E+00
* Gp# 1[1,3,5,6] x,y,z = 7.19, 10.26, 6.934, q = 1 dT[6, 23, 25] Src Amplitude = 51.0
*           1206.8209365   1     1     9     1        61  51 173.028E+00
*           1206.8209425   3     1     3     0         7  48  22.422E+00
*           1206.8209590   5     1     4     0        46  48  70.603E+00
*           1206.8209610   6     1    12     2       101  51 325.763E+00
* Gp# 1[1,3,5,6] x,y,z = -11.65, 8.937, 15.42, q = 1 dT[6, 23, 29] Src Amplitude = 51.0
*           1229.3456235   1     1     7     1        61  51 167.531E+00
*           1229.3456295   3     1     2     0         4  48  12.392E+00
*           1229.3456460   5     1     5     1        76  48 100.860E+00
*           1229.3456520   6     1    11     2       100  51 324.945E+00
* Gp# 1[3,1,5,6] x,y,z = 3.93, 20.08, -8.732, q = 1 dT[3, 17, 20] Src Amplitude = 48.0
*           1232.0183255   3     1     3     0         5  48  14.078E+00
*           1232.0183285   1     1     8     0        29  51  96.703E+00
*           1232.0183420   5     1     5     0        18  48  32.838E+00
*           1232.0183450   6     1    13     2       100  51 330.509E+00
* Gp# 1[1,3,5,6] x,y,z = -10.5, 10.06, 5.587, q = 1 dT[0, 20, 26] Src Amplitude = 50.0
*           1241.2187305   1     1     9     1        61  50 161.049E+00
*           1241.2187305   3     1     3     0        19  48  47.427E+00
*           1241.2187500   5     1     6     0        43  48  66.973E+00
*           1241.2187560   6     1    11     2       100  51 324.615E+00
* Gp# 1[1,3,5,6] x,y,z = 1.742, 11.02, -0.721, q = 1 dT[0, 20, 23] Src Amplitude = 51.0
*           1244.4024335   1     1     8     0        24  51  97.913E+00
*           1244.4024335   3     1     5     0        26  48  60.526E+00
*           1244.4024530   5     1     6     0        18  49  31.844E+00
*           1244.4024560   6     1    13     2       121  51 353.355E+00
* Gp# 1[1,3,5,6] x,y,z = 3.042, 24.77, 0.8291, q = 1 dT[1, 14, 17] Src Amplitude = 51.0
*           1250.6066275   1     1     8     0        18  51  74.751E+00
*           1250.6066285   3     1     3     0        19  47  35.029E+00
*           1250.6066410   5     1     6     1        91  48 150.502E+00
*           1250.6066440   6     1    13     2       121  51 356.884E+00
* Gp# 1[1,3,5,6] x,y,z = 4.821, 13.68, 2.689, q = 1 dT[3, 20, 23] Src Amplitude = 51.0
*           1256.8884865   1     1     9     1        61  51 156.364E+00
*           1256.8884895   3     1     4     0         5  48  11.323E+00
*           1256.8885060   5     1     6     1        91  49 162.384E+00
*           1256.8885090   6     1    13     2       121  51 349.766E+00
* Gp# 1[1,3,5,6] x,y,z = 1.911, 14.57, 19.17, q = 1 dT[13, 26, 29] Src Amplitude = 51.0
*           1262.9484985   1     1    10     0        30  51 118.535E+00
*           1262.9485115   3     1     3     0         1  48   0.000E+00
*           1262.9485240   5     1     8     1        91  49 171.621E+00
*           1262.9485270   6     1    12     2       121  51 356.461E+00
* Gp# 1[1,3,5,6] x,y,z = -8.996, 14.46, 18.98, q = 1 dT[9, 23, 29] Src Amplitude = 50.0
*           1266.4639395   1     1     7     1        64  50 166.463E+00
*           1266.4639485   3     1     3     0        23  47  46.503E+00
*           1266.4639620   5     1     7     1        91  49 177.398E+00
*           1266.4639680   6     1    12     2        97  51 312.666E+00
* Gp# 1[1,3,5,6] x,y,z = -10.5, 10.06, 5.587, q = 1 dT[0, 20, 26] Src Amplitude = 50.0
*           1272.6529025   1     1     8     1        61  50 157.179E+00
*           1272.6529025   3     1     4     0        19  47  46.183E+00
*           1272.6529220   5     1     8     1        91  49 187.476E+00
*           1272.6529280   6     1    12     2       118  51 345.478E+00
* Gp# 1[1,3,5,6] x,y,z = 1.911, 14.57, 19.17, q = 1 dT[13, 26, 29] Src Amplitude = 51.0
*           1275.4525405   1     1     9     0        30  51 118.555E+00
*           1275.4525535   3     1     3     0         1  47   0.000E+00
*           1275.4525660   5     1     8     1        77  48 155.362E+00
*           1275.4525690   6     1    12     2       101  52 323.800E+00
* Gp# 1[3,1,5,6] x,y,z = 3.93, 20.08, -8.732, q = 1 dT[3, 17, 20] Src Amplitude = 48.0
*           1278.8279345   3     1     4     0         5  48  11.935E+00
*           1278.8279375   1     1     8     0        18  51  76.783E+00
*           1278.8279510   5     1     8     1        91  49 195.065E+00
*           1278.8279540   6     1    13     2        98  51 314.118E+00
* Gp# 1[1,3,5,6] x,y,z = 4.821, 13.68, 2.689, q = 1 dT[3, 20, 23] Src Amplitude = 51.0
*           1282.1545815   1     1     9     0        35  51 114.381E+00
*           1282.1545845   3     1     4     0        23  48  51.294E+00
*           1282.1546010   5     1     9     1        91  49 199.646E+00
*           1282.1546040   6     1    13     2        98  52 310.992E+00
* Gp# 1[1,3,5,6] x,y,z = 1.911, 14.57, 19.17, q = 1 dT[13, 26, 29] Src Amplitude = 51.0
*           1285.5264285   1     1     9     0        30  51 116.161E+00
*           1285.5264415   3     1     4     0         1  48   0.000E+00
*           1285.5264540   5     1    10     1        80  49 177.807E+00
*           1285.5264570   6     1    12     2       101  52 321.097E+00
* Gp# 1[1,3,5,6] x,y,z = -11.97, 5.159, 11.53, q = 1 dT[3, 23, 29] Src Amplitude = 50.0
*           1288.5053795   1     1     7     1        64  50 165.054E+00
*           1288.5053825   3     1     4     0        19  48  45.253E+00
*           1288.5054020   5     1    10     1        91  50 207.629E+00
*           1288.5054080   6     1    12     2       118  51 343.421E+00
* Gp# 1[1,3,5,6] x,y,z = 3.042, 24.77, 0.8291, q = 1 dT[1, 14, 17] Src Amplitude = 51.0
*           1291.4428105   1     1     7     0        18  51  74.338E+00
*           1291.4428115   3     1     3     0         1  47   0.000E+00
*           1291.4428240   5     1    10     1        80  49 188.196E+00
*           1291.4428270   6     1    12     2       101  52 317.904E+00
* Gp# 1[1,3,5,6] x,y,z = 3.864, 7.766, 13.16, q = 1 dT[9, 26, 29] Src Amplitude = 51.0
*           1294.7702935   1     1     9     1        70  51 181.978E+00
*           1294.7703025   3     1     4     0        23  48  52.729E+00
*           1294.7703190   5     1     8     1        80  49 194.485E+00
*           1294.7703220   6     1    11     2       101  52 321.923E+00
* Gp# 1[1,3,5,6] x,y,z = -10.51, 14.6, 10.95, q = 1 dT[3, 20, 26] Src Amplitude = 50.0
*           1300.5260465   1     1     8     1        61  50 153.500E+00
*           1300.5260495   3     1     4     0        16  48  39.200E+00
*           1300.5260660   5     1    10     1        91  50 235.297E+00
*           1300.5260720   6     1    12     2        91  52 288.446E+00
* Gp# 1[1,3,5,6] x,y,z = 1.911, 14.57, 19.17, q = 1 dT[13, 26, 29] Src Amplitude = 51.0
*           1300.9095605   1     1     9     0        30  51 114.929E+00
*           1300.9095735   3     1     3     0         4  47   7.985E+00
*           1300.9095860   5     1    11     1        92  51 237.381E+00
*           1300.9095890   6     1    12     2       101  51 316.890E+00
* Gp# 1[1,3,5,6] x,y,z = 3.069, 19.61, 10.11, q = 1 dT[7, 20, 23] Src Amplitude = 51.0
*           1303.9644785   1     1     7     1        61  51 154.229E+00
*           1303.9644855   3     1     4     0         1  47   0.000E+00
*           1303.9644980   5     1    10     1        80  50 211.514E+00
*           1303.9645010   6     1    13     2        98  52 311.417E+00
* Gp# 1[3,1,5,6] x,y,z = 3.93, 20.08, -8.732, q = 1 dT[3, 17, 20] Src Amplitude = 47.0
*           1304.1571845   3     1     4     0         5  47  12.798E+00
*           1304.1571875   1     1     9     0        18  51  77.675E+00
*           1304.1572010   5     1    11     1        92  50 242.855E+00
*           1304.1572040   6     1    13     2       101  51 315.221E+00
* Gp# 1[1,3,5,6] x,y,z = -11.65, 8.937, 15.42, q = 1 dT[6, 23, 29] Src Amplitude = 51.0
*           1309.9139355   1     1     8     1        64  51 164.811E+00
*           1309.9139415   3     1     4     0        23  48  51.654E+00
*           1309.9139580   5     1    11     2        91  50 247.628E+00
*           1309.9139640   6     1    13     2        94  52 295.126E+00
* Gp# 1[1,3,5,6] x,y,z = 3.042, 24.77, 0.8291, q = 1 dT[1, 14, 17] Src Amplitude = 51.0
*           1310.1056055   1     1     8     0        18  51  78.139E+00
*           1310.1056065   3     1     3     0         1  47   0.000E+00
*           1310.1056190   5     1    11     2        92  51 255.762E+00
*           1310.1056220   6     1    12     2       101  52 314.402E+00
* Gp# 1[1,3,5,6] x,y,z = 1.911, 14.57, 19.17, q = 1 dT[13, 26, 29] Src Amplitude = 51.0
*           1310.2974685   1     1     8     0        30  51 114.483E+00
*           1310.2974815   3     1     3     0         1  47   0.000E+00
*           1310.2974940   5     1    11     2        92  51 253.321E+00
*           1310.2974970   6     1    12     2       101  52 316.260E+00
* Gp# 1[1,3,5,6] x,y,z = 1.911, 14.57, 19.17, q = 1 dT[13, 26, 29] Src Amplitude = 51.0
*           1313.4102735   1     1     9     0        30  51 116.258E+00
*           1313.4102865   3     1     3     0         4  48  10.252E+00
*           1313.4102990   5     1    10     2        95  51 268.442E+00
*           1313.4103020   6     1    13     2       101  52 319.154E+00
* Gp# 1[1,3,5,6] x,y,z = 2.407, 17.31, 12.81, q = 1 dT[9, 22, 25] Src Amplitude = 51.0
*           1316.3907095   1     1     9     0        26  51 104.097E+00
*           1316.3907185   3     1     3     0         4  47   9.493E+00
*           1316.3907310   5     1    11     2        95  51 273.324E+00
*           1316.3907340   6     1    11     2       101  51 309.314E+00
* Gp# 1[3,1,5,6] x,y,z = 3.93, 20.08, -8.732, q = 1 dT[3, 17, 20] Src Amplitude = 48.0
*           1322.2031205   3     1     4     0         5  48  12.842E+00
*           1322.2031235   1     1     6     1        55  51 136.498E+00
*           1322.2031370   5     1    11     2        95  51 285.109E+00
*           1322.2031400   6     1    12     2        98  51 302.562E+00
* Gp# 1[1,3,5,6] x,y,z = 1.742, 11.02, -0.721, q = 1 dT[0, 20, 23] Src Amplitude = 51.0
*           1322.5875345   1     1     7     1        61  51 156.285E+00
*           1322.5875345   3     1     4     0         8  48  21.567E+00
*           1322.5875540   5     1    11     2        92  51 277.502E+00
*           1322.5875570   6     1    11     2        98  52 301.796E+00
* Gp# 1[1,3,5,6] x,y,z = 2.407, 17.31, 12.81, q = 1 dT[9, 22, 25] Src Amplitude = 51.0
*           1325.6508155   1     1     8     0        26  51 104.297E+00
*           1325.6508245   3     1     3     0         1  47   0.000E+00
*           1325.6508370   5     1    12     2        95  51 292.111E+00
*           1325.6508400   6     1    11     2        98  51 301.824E+00
* Gp# 1[1,3,5,6] x,y,z = 4.821, 13.68, 2.689, q = 1 dT[3, 20, 23] Src Amplitude = 51.0
*           1328.3312485   1     1     8     1        61  51 152.028E+00
*           1328.3312515   3     1     4     0        23  48  49.654E+00
*           1328.3312680   5     1    11     2        95  52 298.252E+00
*           1328.3312710   6     1    11     2        98  51 296.074E+00
* Gp# 1[3,1,5,6] x,y,z = 0.493, 31.83, -20.04, q = 1 dT[7, 13, 16] Src Amplitude = 47.0
*           1328.5241865   3     1     3     0         1  47   0.000E+00
*           1328.5241935   1     1     6     0        10  51  51.415E+00
*           1328.5241990   5    49    12     2        95  52 295.357E+00
*           1328.5242020   6     1    11     2       101  51 303.311E+00
* Gp# 1[1,3,5,6] x,y,z = -8.412, 23.72, 6.229, q = 1 dT[1, 14, 20] Src Amplitude = 50.0
*           1328.9073135   1     1     7     1        55  50 136.726E+00
*           1328.9073145   3     1     3     0        12  48  26.428E+00
*           1328.9073270   5     1    11     2        95  51 297.868E+00
*           1328.9073330   6     1    11     2        95  51 288.347E+00
* Gp# 1[1,3,5,6] x,y,z = 1.911, 14.57, 19.17, q = 1 dT[13, 26, 29] Src Amplitude = 51.0
*           1331.3853215   1     1    10     0        30  51 111.145E+00
*           1331.3853345   3     1     3     0         1  48   0.000E+00
*           1331.3853470   5    49    11     2        92  52 301.794E+00
*           1331.3853500   6     1    11     2       101  51 302.484E+00
* Gp# 1[1,3,5,6] x,y,z = -10.51, 14.6, 10.95, q = 1 dT[3, 20, 26] Src Amplitude = 50.0
*           1331.7698795   1     1     6     0        35  50 109.805E+00
*           1331.7698825   3     1     3     0         5  48  11.838E+00
*           1331.7698990   5     1    11     2        95  52 307.898E+00
*           1331.7699050   6     1    10     2        98  51 294.009E+00
* Gp# 1[1,3,5,6] x,y,z = -10.51, 14.6, 10.95, q = 1 dT[3, 20, 26] Src Amplitude = 50.0
*           1334.8417585   1     1     7     0        35  50 110.700E+00
*           1334.8417615   3     1     4     0        16  47  37.822E+00
*           1334.8417780   5     1    11     2        95  52 310.555E+00
*           1334.8417840   6     1    10     2        95  51 284.504E+00
* Gp# 1[1,3,5,6] x,y,z = 2.407, 17.31, 12.81, q = 1 dT[9, 22, 25] Src Amplitude = 51.0
*           1337.9527545   1     1     8     0        26  51 100.353E+00
*           1337.9527635   3     1     3     0         4  47   9.184E+00
*           1337.9527760   5     1    12     2        92  52 303.340E+00
*           1337.9527790   6     1    10     2        98  52 295.093E+00
* Gp# 1[1,3,5,6] x,y,z = -10.5, 10.06, 5.587, q = 1 dT[0, 20, 26] Src Amplitude = 50.0
*           1340.9529315   1     1     8     1        58  50 146.524E+00
*           1340.9529315   3     1     4     0        19  47  46.563E+00
*           1340.9529510   5     1    11     2        95  52 318.544E+00
*           1340.9529570   6     1    10     2        95  51 282.908E+00
* Gp# 1[1,3,5,6] x,y,z = -11.97, 5.159, 11.53, q = 1 dT[3, 23, 29] Src Amplitude = 50.0
*           1344.0988525   1     1     8     1        64  50 169.763E+00
*           1344.0988555   3     1     5     0         8  47  18.966E+00
*           1344.0988750   5     1    11     2        95  52 319.528E+00
*           1344.0988810   6     1    10     2        95  51 284.317E+00
* Gp# 1[1,3,5,6] x,y,z = -11.65, 8.937, 15.42, q = 1 dT[6, 23, 29] Src Amplitude = 50.0
*           1344.2905685   1     1     9     1        64  50 170.170E+00
*           1344.2905745   3     1     4     0         1  47   0.000E+00
*           1344.2905910   5     1    11     2        95  52 322.941E+00
*           1344.2905970   6     1    11     2        95  51 277.856E+00
* Gp# 1[1,3,5,6] x,y,z = -10.5, 10.06, 5.587, q = 1 dT[0, 20, 26] Src Amplitude = 50.0
*           1346.9682825   1     1     9     1        52  50 135.976E+00
*           1346.9682825   3     1     4     0         4  47   7.762E+00
*           1346.9683020   5     1    12     2        95  52 322.391E+00
*           1346.9683080   6     1    10     2        95  51 275.357E+00
* Gp# 1[1,3,5,6] x,y,z = 9.194, 7.829, -4.45, q = 1 dT[0, 20, 22] Src Amplitude = 50.0
*           1347.1599215   1     1     8     1        58  50 153.750E+00
*           1347.1599215   3     1     4     0        29  47  62.979E+00
*           1347.1599410   5     1    11     2        95  52 322.839E+00
*           1347.1599430   6     1    10     2        99  51 291.607E+00
* Gp# 1[1,3,5,6] x,y,z = 3.069, 19.61, 10.11, q = 1 dT[7, 20, 23] Src Amplitude = 51.0
*           1347.5441005   1     1     9     1        61  51 159.852E+00
*           1347.5441075   3     1     3     0         1  48   0.000E+00
*           1347.5441200   5    49    12     2        92  53 316.412E+00
*           1347.5441230   6     1    10     2        98  51 287.878E+00
* Gp# 1[1,3,5,6] x,y,z = 1.742, 11.02, -0.721, q = 1 dT[0, 20, 23] Src Amplitude = 50.0
*           1350.0962925   1     1     8     0        35  50 113.470E+00
*           1350.0962925   3     1     5     0         8  49  20.692E+00
*           1350.0963120   5     1    11     2        95  52 323.451E+00
*           1350.0963150   6     1    10     2        98  51 287.417E+00
* Gp# 1[1,3,5,6] x,y,z = -8.767, 20.55, 10.06, q = 1 dT[3, 17, 23] Src Amplitude = 50.0
*           1350.2879025   1     1    10     0        38  50 119.134E+00
*           1350.2879055   3     1     4     0        23  47  50.063E+00
*           1350.2879190   5    52    12     2        95  53 329.479E+00
*           1350.2879250   6     1    10     2        98  51 283.660E+00
* Gp# 1[3,1,5,6] x,y,z = 3.93, 20.08, -8.732, q = 1 dT[3, 17, 20] Src Amplitude = 47.0
*           1350.6720775   3     1     4     0         5  47  12.689E+00
*           1350.6720805   1     1     7     1        55  51 143.901E+00
*           1350.6720940   5    49    12     2        92  53 320.591E+00
*           1350.6720970   6     1    10     2        98  51 291.417E+00
* Gp# 1[1,3,5,6] x,y,z = 2.407, 17.31, 12.81, q = 1 dT[9, 22, 25] Src Amplitude = 51.0
*           1353.4288385   1     1     9     0        26  51  99.812E+00
*           1353.4288475   3     1     3     0         4  47   8.610E+00
*           1353.4288600   5     1    12     2        81  52 296.258E+00
*           1353.4288630   6     1    10     2        95  52 278.783E+00
* Gp# 1[1,3,5,6] x,y,z = 9.194, 7.829, -4.45, q = 1 dT[0, 20, 22] Src Amplitude = 50.0
*           1353.6207725   1     1     7     1        58  50 152.858E+00
*           1353.6207725   3     1     4     0         4  48   7.428E+00
*           1353.6207920   5     1    10     2        95  52 322.866E+00
*           1353.6207940   6     1    10     2        99  51 289.859E+00
* Gp# 1[1,3,5,6] x,y,z = 1.911, 14.57, 19.17, q = 1 dT[13, 26, 29] Src Amplitude = 51.0
*           1356.2863715   1     1     9     0        30  51 111.426E+00
*           1356.2863845   3     1     3     0         1  48   0.000E+00
*           1356.2863970   5     1    12     1        75  52 281.554E+00
*           1356.2864000   6     1    10     2        98  51 284.633E+00
* Gp# 1[1,3,5,6] x,y,z = 1.911, 14.57, 19.17, q = 1 dT[13, 26, 29] Src Amplitude = 51.0
*           1356.6706255   1     1     9     1        44  51 137.698E+00
*           1356.6706385   3     1     4     0         4  48   9.858E+00
*           1356.6706510   5     1    12     1        69  53 255.788E+00
*           1356.6706540   6     1    10     2        98  52 286.601E+00
* Gp# 1[3,1,5,6] x,y,z = 0.493, 31.83, -20.04, q = 1 dT[7, 13, 16] Src Amplitude = 47.0
*           1359.7407115   3     1     3     0         1  47   0.000E+00
*           1359.7407185   1     1     6     0        10  51  49.977E+00
*           1359.7407240   5     1    12     2        81  53 300.774E+00
*           1359.7407270   6     1     9     2        98  52 278.203E+00
* Gp# 1[1,3,5,6] x,y,z = 4.821, 13.68, 2.689, q = 1 dT[3, 20, 23] Src Amplitude = 50.0
*           1365.8917735   1     1     9     1        58  50 154.169E+00
*           1365.8917765   3     1     4     0        16  48  42.145E+00
*           1365.8917930   5    49    11     1        69  53 266.660E+00
*           1365.8917960   6     1    10     2        98  52 279.915E+00
* Gp# 1[1,3,5,6] x,y,z = 1.911, 14.57, 19.17, q = 1 dT[13, 26, 29] Src Amplitude = 51.0
*           1369.4471095   1     1    10     1        67  51 180.691E+00
*           1369.4471225   3     1     3     0         1  47   0.000E+00
*           1369.4471350   5     1    11     1        75  53 286.142E+00
*           1369.4471380   6     1    10     2        98  51 274.566E+00
* Gp# 1[1,3,5,6] x,y,z = -10.5, 10.06, 5.587, q = 1 dT[0, 20, 26] Src Amplitude = 50.0
*           1372.4192545   1     1     9     1        58  50 154.734E+00
*           1372.4192545   3     1     4     0        19  47  43.045E+00
*           1372.4192740   5    49    11     2        92  53 313.108E+00
*           1372.4192800   6     1     9     2        95  51 261.042E+00
* Gp# 1[1,3,5,6] x,y,z = -11.21, 16.94, 15.66, q = 1 dT[6, 20, 26] Src Amplitude = 50.0
*           1375.1219075   1     1     9     1        58  50 157.243E+00
*           1375.1219135   3     1     4     0        20  47  40.433E+00
*           1375.1219270   5    49    10     1        69  53 263.485E+00
*           1375.1219330   6     1    10     2        95  51 257.774E+00
* Gp# 1[1,3,5,6] x,y,z = -10.51, 14.6, 10.95, q = 1 dT[3, 20, 26] Src Amplitude = 50.0
*           1375.3136015   1     1     9     1        61  50 163.903E+00
*           1375.3136045   3     1     4     0         5  47  12.082E+00
*           1375.3136210   5     1    10     1        69  53 262.220E+00
*           1375.3136270   6     1     9     2        95  51 259.330E+00
* Gp# 1[1,3,5,6] x,y,z = 3.042, 24.77, 0.8291, q = 1 dT[1, 14, 17] Src Amplitude = 51.0
*           1375.5054415   1     1     9     1        55  51 148.277E+00
*           1375.5054425   3     1     4     0         1  46   0.000E+00
*           1375.5054550   5     1    11     1        75  53 282.936E+00
*           1375.5054580   6     1    10     2        95  50 249.374E+00
* Gp# 1[1,3,5,6] x,y,z = -11.65, 8.937, 15.42, q = 1 dT[6, 23, 29] Src Amplitude = 50.0
*           1375.6969885   1     1    10     1        58  50 158.314E+00
*           1375.6969945   3     1     4     0         1  47   0.000E+00
*           1375.6970110   5    49    11     1        69  53 264.724E+00
*           1375.6970170   6     1     9     2        95  51 255.372E+00
* Gp# 1[1,3,5,6] x,y,z = -10.51, 14.6, 10.95, q = 1 dT[3, 20, 26] Src Amplitude = 49.0
*           1378.1700085   1     1     9     1        58  49 155.026E+00
*           1378.1700115   3     1     4     0        16  48  35.831E+00
*           1378.1700280   5     1    11     1        69  53 257.508E+00
*           1378.1700340   6     1    10     2        95  50 248.057E+00
* Gp# 1[1,3,5,6] x,y,z = 3.042, 24.77, 0.8291, q = 1 dT[1, 14, 17] Src Amplitude = 51.0
*           1378.3619485   1     1    10     0        29  51  94.358E+00
*           1378.3619495   3     1     4     0         1  47   0.000E+00
*           1378.3619620   5     1    10     1        75  52 274.880E+00
*           1378.3619650   6     1    10     2        99  50 261.877E+00
* Gp# 1[1,3,5,6] x,y,z = 3.069, 19.61, 10.11, q = 1 dT[7, 20, 23] Src Amplitude = 50.0
*           1378.5534295   1     1    10     0        38  50 118.326E+00
*           1378.5534365   3     1     3     0         1  47   0.000E+00
*           1378.5534490   5     1    10     1        72  53 264.910E+00
*           1378.5534520   6     1    10     1        95  50 247.774E+00
* Gp# 1[1,3,5,6] x,y,z = 1.911, 14.57, 19.17, q = 1 dT[13, 26, 29] Src Amplitude = 51.0
*           1381.4697225   1     1    11     1        41  51 129.907E+00
*           1381.4697355   3     1     3     0         1  47   0.000E+00
*           1381.4697480   5     1     9     1        75  52 264.887E+00
*           1381.4697510   6     1     9     2        99  51 257.647E+00
* Gp# 1[1,3,5,6] x,y,z = 2.407, 17.31, 12.81, q = 1 dT[9, 22, 25] Src Amplitude = 51.0
*           1381.6613795   1     1    11     0        37  51 119.693E+00
*           1381.6613885   3     1     3     0         4  46   8.047E+00
*           1381.6614010   5     1    10     2        96  53 286.263E+00
*           1381.6614040   6     1    10     2        99  50 256.795E+00
* Gp# 1[1,3,5,6] x,y,z = 2.407, 17.31, 12.81, q = 1 dT[9, 22, 25] Src Amplitude = 51.0
*           1381.8534525   1     1    10     0        26  51  99.048E+00
*           1381.8534615   3     1     3     0         4  47   8.761E+00
*           1381.8534740   5     1    10     2        96  53 287.489E+00
*           1381.8534770   6     1    10     2        99  50 257.939E+00
* Gp# 1[1,3,5,6] x,y,z = 4.821, 13.68, 2.689, q = 1 dT[3, 20, 23] Src Amplitude = 50.0
*           1384.4360325   1     1    10     0        38  50 118.238E+00
*           1384.4360355   3     1     4     0         5  47  11.573E+00
*           1384.4360520   5     1     9     1        63  53 223.427E+00
*           1384.4360550   6     1     9     2        99  50 253.603E+00
* Gp# 1[1,3,5,6] x,y,z = 3.042, 24.77, 0.8291, q = 1 dT[1, 14, 17] Src Amplitude = 50.0
*           1384.6276175   1     1    10     1        55  50 150.888E+00
*           1384.6276185   3     1     3     0         1  47   0.000E+00
*           1384.6276310   5     1     9     1        75  52 251.714E+00
*           1384.6276340   6     1    10     2        99  51 254.499E+00
* Gp# 1[1,3,5,6] x,y,z = 3.069, 19.61, 10.11, q = 1 dT[7, 20, 23] Src Amplitude = 51.0
*           1387.5870905   1     1    11     1        72  51 184.956E+00
*           1387.5870975   3     1     3     0         1  46   0.000E+00
*           1387.5871100   5     1     9     2        99  52 275.306E+00
*           1387.5871130   6     1     9     2        99  50 251.970E+00
* Gp# 1[1,3,5,6] x,y,z = -9.484, 23.23, 16.84, q = 1 dT[7, 17, 23] Src Amplitude = 51.0
*           1387.7797035   1     1    10     1        72  51 186.745E+00
*           1387.7797105   3     1     4     0         1  47   0.000E+00
*           1387.7797200   5     1    11     1        63  52 212.982E+00
*           1387.7797260   6     1    10     2        99  50 254.934E+00
* Gp# 1[3,1,5,6] x,y,z = 0.493, 31.83, -20.04, q = 1 dT[7, 13, 16] Src Amplitude = 47.0
*           1387.9712275   3     1     3     0         1  47   0.000E+00
*           1387.9712345   1     1     8     0        24  51  80.173E+00
*           1387.9712400   5     1     9     1        58  52 185.476E+00
*           1387.9712430   6     1     9     2        99  50 250.188E+00
* Gp# 1[3,1,5,6] x,y,z = 0.493, 31.83, -20.04, q = 1 dT[7, 13, 16] Src Amplitude = 47.0
*           1388.1629215   3     1     3     0         1  47   0.000E+00
*           1388.1629285   1     1     9     0        24  50  78.482E+00
*           1388.1629340   5     1     9     1        75  52 244.645E+00
*           1388.1629370   6     1     9     2        99  51 251.893E+00
* Gp# 1[1,3,5,6] x,y,z = 2.407, 17.31, 12.81, q = 1 dT[9, 22, 25] Src Amplitude = 50.0
*           1390.7637235   1     1    11     0        26  50  93.562E+00
*           1390.7637325   3     1     3     0         4  47   9.303E+00
*           1390.7637450   5     1     9     1        64  52 213.011E+00
*           1390.7637480   6     1    10     2        99  50 248.718E+00
* Gp# 1[1,3,5,6] x,y,z = -11.65, 8.937, 15.42, q = 1 dT[6, 23, 29] Src Amplitude = 50.0
*           1390.9555835   1     1    11     1        72  50 192.778E+00
*           1390.9555895   3     1     3     0         1  47   0.000E+00
*           1390.9556060   5     1    10     1        60  52 201.868E+00
*           1390.9556120   6     1     9     2        96  51 242.809E+00
* Gp# 1[1,3,5,6] x,y,z = 1.911, 14.57, 19.17, q = 1 dT[13, 26, 29] Src Amplitude = 50.0
*           1393.9276285   1     1    12     1        81  50 213.007E+00
*           1393.9276415   3     1     3     0         7  46  14.922E+00
*           1393.9276540   5     1    10     1        64  52 208.007E+00
*           1393.9276570   6     1     9     2        99  50 248.839E+00
* Gp# 1[1,3,5,6] x,y,z = 1.911, 14.57, 19.17, q = 1 dT[13, 26, 29] Src Amplitude = 51.0
*           1394.5027075   1     1    12     1        81  51 212.339E+00
*           1394.5027205   3     1     3     0         4  47   9.353E+00
*           1394.5027330   5    50     9     1        64  52 208.850E+00
*           1394.5027360   6     1     9     2        99  50 251.973E+00
* Gp# 1[3,1,5,6] x,y,z = 0.493, 31.83, -20.04, q = 1 dT[7, 13, 16] Src Amplitude = 47.0
*           1397.2802905   3     1     3     0         1  47   0.000E+00
*           1397.2802975   1     1    10     1        61  51 154.472E+00
*           1397.2803030   5     1     8     1        61  52 193.089E+00
*           1397.2803060   6     1    10     2        99  50 246.463E+00
* Gp# 1[1,3,5,6] x,y,z = 4.821, 13.68, 2.689, q = 1 dT[3, 20, 23] Src Amplitude = 50.0
*           1397.4719255   1     1    11     1        58  50 162.280E+00
*           1397.4719285   3     1     3     0         1  47   0.000E+00
*           1397.4719450   5     1     8     1        60  52 192.176E+00
*           1397.4719480   6     1     9     2        99  50 241.926E+00
* Gp# 1[3,1,5,6] x,y,z = 0.493, 31.83, -20.04, q = 1 dT[7, 13, 16] Src Amplitude = 47.0
*           1397.6646045   3     1     3     0         1  47   0.000E+00
*           1397.6646115   1     1    10     1        47  50 130.123E+00
*           1397.6646170   5     1     9     1        96  52 237.813E+00
*           1397.6646200   6     1    10     2        99  50 243.804E+00
* Gp# 1[3,1,5,6] x,y,z = 0.493, 31.83, -20.04, q = 1 dT[7, 13, 16] Src Amplitude = 48.0
*           1400.4161935   3     1     3     0         1  48   0.000E+00
*           1400.4162005   1     1     9     1        47  50 130.589E+00
*           1400.4162060   5     1     8     1        99  52 237.633E+00
*           1400.4162090   6     1    10     1        99  50 242.566E+00
* Gp# 1[1,3,5,6] x,y,z = 3.042, 24.77, 0.8291, q = 1 dT[1, 14, 17] Src Amplitude = 50.0
*           1400.7996935   1     1    10     1        69  50 185.924E+00
*           1400.7996945   3     1     4     0         1  47   0.000E+00
*           1400.7997070   5     1     9     1        96  52 230.904E+00
*           1400.7997100   6     1     9     2        99  50 246.521E+00
* Gp# 1[3,1,5,6] x,y,z = 0.493, 31.83, -20.04, q = 1 dT[7, 13, 16] Src Amplitude = 46.0
*           1403.3105615   3     1     4     0         4  46   8.332E+00
*           1403.3105685   1     1     9     1        58  51 155.121E+00
*           1403.3105740   5    50     8     1        61  52 184.627E+00
*           1403.3105770   6     1    10     2        99  50 240.717E+00
* Gp# 1[3,1,5,6] x,y,z = 0.493, 31.83, -20.04, q = 1 dT[7, 13, 16] Src Amplitude = 46.0
*           1403.5024535   3     1     2     0         1  46   0.000E+00
*           1403.5024605   1     1     9     0        10  51  48.298E+00
*           1403.5024660   5    50     9     1        61  52 183.449E+00
*           1403.5024690   6     1    10     2        99  50 243.137E+00
* Gp# 1[3,1,5,6] x,y,z = 0.493, 31.83, -20.04, q = 1 dT[7, 13, 16] Src Amplitude = 46.0
*           1406.5516325   3     1     3     0         1  46   0.000E+00
*           1406.5516395   1     1     9     1        61  51 161.595E+00
*           1406.5516450   5    50     8     1        61  52 179.707E+00
*           1406.5516480   6     1    10     2        99  50 239.585E+00
* Gp# 1[3,1,5,6] x,y,z = 2.247, 28.12, -9.649, q = 1 dT[4, 13, 16] Src Amplitude = 47.0
*           1409.6104155   3     1     3     0         1  47   0.000E+00
*           1409.6104195   1     1     9     1        50  50 146.673E+00
*           1409.6104280   5     1     8     1        58  52 168.953E+00
*           1409.6104310   6     1    10     1        99  50 236.672E+00
* Gp# 1[3,1,5,6] x,y,z = 0.493, 31.83, -20.04, q = 1 dT[7, 13, 16] Src Amplitude = 46.0
*           1412.5518795   3     1     4     0         1  46   0.000E+00
*           1412.5518865   1     1     8     0        33  51 102.104E+00
*           1412.5518920   5    50     7     1        58  52 166.601E+00
*           1412.5518950   6     1     9     2       100  50 238.663E+00
* Gp# 1[1,3,5,6] x,y,z = 1.967, 11.46, 8.266, q = 1 dT[6, 23, 26] Src Amplitude = 50.0
*           1413.1277255   1     1    13     1        75  50 206.491E+00
*           1413.1277315   3     1     4     0         1  47   0.000E+00
*           1413.1277480   5     1     8     1        96  52 206.339E+00
*           1413.1277510   6     1    10     2        99  50 235.348E+00
* Gp# 1[3,1,5,6] x,y,z = 0.493, 31.83, -20.04, q = 1 dT[7, 13, 16] Src Amplitude = 46.0
*           1422.1904345   3     1     3     0         4  46   8.026E+00
*           1422.1904415   1     1     8     1        50  51 139.510E+00
*           1422.1904470   5    50     8     1        55  52 153.737E+00
*           1422.1904500   6     1     9     1       100  50 228.405E+00
* Gp# 1[1,3,5,6] x,y,z = 2.407, 17.31, 12.81, q = 1 dT[9, 22, 25] Src Amplitude = 50.0
*           1428.7437525   1     1    11     1        52  50 150.424E+00
*           1428.7437615   3     1     3     0         7  46  14.914E+00
*           1428.7437740   5     1     9     1        93  52 197.668E+00
*           1428.7437770   6     1     9     1        97  50 215.320E+00
* Gp# 1[1,3,5,6] x,y,z = 1.911, 14.57, 19.17, q = 1 dT[13, 26, 29] Src Amplitude = 50.0
*           1431.9117255   1     1    12     1        59  50 167.490E+00
*           1431.9117385   3     1     2     0         4  46   7.694E+00
*           1431.9117510   5     1     8     1        55  52 167.508E+00
*           1431.9117540   6     1     9     1        97  51 220.631E+00
* Gp# 1[1,3,5,6] x,y,z = 3.307, 18.32, 8.417, q = 1 dT[6, 20, 23] Src Amplitude = 50.0
*           1437.9537545   1     1    12     1        58  50 163.343E+00
*           1437.9537605   3     1     3     0         1  47   0.000E+00
*           1437.9537740   5     1     9     1        93  53 230.084E+00
*           1437.9537770   6     1    10     1        97  51 220.305E+00
* Gp# 1[3,1,5,6] x,y,z = 0.493, 31.83, -20.04, q = 1 dT[7, 13, 16] Src Amplitude = 46.0
*           1438.1454605   3     1     3     0         4  46   7.825E+00
*           1438.1454675   1     1     9     0        42  50 121.189E+00
*           1438.1454730   5     1    10     1        90  52 225.627E+00
*           1438.1454760   6     1     9     1        98  51 224.206E+00
* Gp# 1[1,3,5,6] x,y,z = 1.911, 14.57, 19.17, q = 1 dT[13, 26, 29] Src Amplitude = 50.0
*           1440.8102475   1     1    10     1        44  50 135.044E+00
*           1440.8102605   3     1     3     0         7  47  14.579E+00
*           1440.8102730   5     1    11     1        52  52 173.036E+00
*           1440.8102760   6     1     9     2       101  51 227.220E+00
* Gp# 1[1,3,5,6] x,y,z = 1.911, 14.57, 19.17, q = 1 dT[13, 26, 29] Src Amplitude = 50.0
*           1443.9490885   1     1    12     1        59  50 165.558E+00
*           1443.9491015   3     1     3     0         1  46   0.000E+00
*           1443.9491140   5     1    11     1        90  52 245.933E+00
*           1443.9491170   6     1     9     1        98  51 221.224E+00
* Gp# 1[1,3,5,6] x,y,z = 1.911, 14.57, 19.17, q = 1 dT[13, 26, 29] Src Amplitude = 50.0
*           1447.5203765   1     1    10     0        41  50 119.207E+00
*           1447.5203895   3     1     3     0         1  46   0.000E+00
*           1447.5204020   5     1    11     2        94  53 267.885E+00
*           1447.5204050   6     1    10     1        98  50 220.877E+00
* Gp# 1[1,3,5,6] x,y,z = 7.614, 32.96, 2.546, q = 1 dT[3, 10, 12] Src Amplitude = 54.0
*           1457.3075705   1     1     9     1        86  54 242.161E+00
*           1457.3075735   3     1    10     2        75  56 367.711E+00
*           1457.3075800   5     1    10     1        63  58 405.104E+00
*           1457.3075820   6    67    11     3        90  56 690.055E+00
* Gp# 1[3,1,5,6] x,y,z = 2.247, 28.12, -9.649, q = 1 dT[4, 13, 16] Src Amplitude = 46.0
*           1459.9893235   3     1     3     0         1  46   0.000E+00
*           1459.9893275   1     1     7     0        24  50  79.712E+00
*           1459.9893360   5    48    13     2        91  53 266.376E+00
*           1459.9893390   6     1     9     1        81  49 196.601E+00
* Gp# 1[3,1,5,6] x,y,z = -11.57, 0.2892, 0.4511, q = 1 dT[4, 25, 31] Src Amplitude = 52.0
*           1463.2544815   3     1     5     0        39  52 123.466E+00
*           1463.2544855   1     1     4     0        38  50  89.183E+00
*           1463.2545060   5     1     1     0         1  45   0.000E+00
*           1463.2545120   6     1     2     0         1  48   0.000E+00
* Gp# 1[1,3,6,5] x,y,z = 16.38, 28.12, 12.64, q = 1 dT[9, 15, 16] Src Amplitude = 53.0
*           1463.4781875   1     8     2     0         9  53  48.972E+00
*           1463.4781965   3     1     5     1        67  50 135.640E+00
*           1463.4782020   6     1    10     2        97  54 382.770E+00
*           1463.4782030   5     1     7     1        72  53 240.519E+00
* Gp# 1[1,3,5,6] x,y,z = 6.633, 14.85, -0.2112, q = 1 dT[2, 19, 21] Src Amplitude = 53.0
*           1464.0733135   1    26     7     2       116  53 364.764E+00
*           1464.0733155   3     1     7     7       201  60   1.678E+03
*           1464.0733320   5    33     6     1       128  53 236.019E+00
*           1464.0733340   6    14     9     3       109  54 494.999E+00
* Gp# 1[3,1,5,6] x,y,z = -4.426, 31.68, -14.15, q = 1 dT[7, 13, 18] Src Amplitude = 64.0
*           1466.9553925   3    55    12    17       276  64   8.575E+03
*           1466.9553995   1    10    15    10       285  64   3.138E+03
*           1466.9554050   5    39    18     6       205  56   1.170E+03
*           1466.9554100   6    29    15    10       181  66   4.924E+03
* Gp# 1[5,4,6,1] x,y,z = -24.02, 92.96, -7.873, q = 1 dT[3, 10, 27] Src Amplitude = 64.0
*           1470.1556440   5    24    21    10       346  64   3.158E+03
*           1470.1556470   4     2     2     0        12  56 135.106E+00
*           1470.1556543   6     2    16     7       329  65   2.165E+03
*           1470.1556705   1    94     7     1        97  49 174.697E+00
 15                     		Acquisition Aborted
