SOURCE FILE NAME: C:\Users\USER\Desktop\all tests\Wang-04-15\04-15.DTA
DATE: Wednesday, April 15, 2026
TIME: 17:03:41
SAMPLE INTERVAL (Seconds):   0.0000010000
SIGNAL UNITS: volts
TIME UNITS: Seconds
DATA TYPE: WAVEFORM
NUMBER OF DATA POINTS PER WAVEFORM: 1024
CHANNEL NUMBER: 4
HIT NUMBER: 602
TIME OF TEST: 1571.2828150

-0.00025600,  0.00000000
-0.00025500,  0.00000000
-0.00025400,  0.00000000
-0.00025300,  0.00000000
-0.00025200,  0.00000000
-0.00025100,  0.00000000
-0.00025000,  0.00000000
-0.00024900,  0.00000000
-0.00024800,  0.00000000
-0.00024700,  0.00000000
-0.00024600,  0.00000000
-0.00024500,  0.00000000
-0.00024400,  0.00000000
-0.00024300,  0.00000000
-0.00024200,  0.00000000
-0.00024100,  0.00000000
-0.00024000,  0.00000000
-0.00023900,  0.00000000
-0.00023800,  0.00000000
-0.00023700,  0.00000000
-0.00023600,  0.00000000
-0.00023500,  0.00000000
-0.00023400,  0.00000000
-0.00023300,  0.00000000
-0.00023200,  0.00000000
-0.00023100,  0.00000000
-0.00023000,  0.00000000
-0.00022900,  0.00000000
-0.00022800,  0.00000000
-0.00022700,  0.00000000
-0.00022600,  0.00000000
-0.00022500,  0.00000000
-0.00022400,  0.00000000
-0.00022300,  0.00000000
-0.00022200,  0.00000000
-0.00022100,  0.00000000
-0.00022000,  0.00000000
-0.00021900,  0.00000000
-0.00021800,  0.00000000
-0.00021700,  0.00000000
-0.00021600,  0.00000000
-0.00021500,  0.00000000
-0.00021400,  0.00000000
-0.00021300,  0.00000000
-0.00021200,  0.00000000
-0.00021100,  0.00000000
-0.00021000,  0.00000000
-0.00020900,  0.00000000
-0.00020800,  0.00000000
-0.00020700,  0.00000000
-0.00020600,  0.00000000
-0.00020500,  0.00000000
-0.00020400,  0.00000000
-0.00020300,  0.00000000
-0.00020200,  0.00000000
-0.00020100,  0.00000000
-0.00020000, -0.00030518
-0.00019900,  0.01800537
-0.00019800, -0.00854492
-0.00019700,  0.01800537
-0.00019600,  0.01068115
-0.00019500,  0.00152588
-0.00019400, -0.00976563
-0.00019300, -0.00671387
-0.00019200,  0.00915527
-0.00019100,  0.00000000
-0.00019000, -0.00732422
-0.00018900, -0.00396729
-0.00018800,  0.00274658
-0.00018700,  0.01831055
-0.00018600,  0.01953125
-0.00018500, -0.00610352
-0.00018400, -0.00671387
-0.00018300,  0.01861572
-0.00018200,  0.02197266
-0.00018100, -0.00244141
-0.00018000, -0.00640869
-0.00017900, -0.00518799
-0.00017800,  0.01647949
-0.00017700, -0.00701904
-0.00017600,  0.00213623
-0.00017500, -0.03326416
-0.00017400,  0.00335693
-0.00017300,  0.01800537
-0.00017200, -0.01617432
-0.00017100,  0.00701904
-0.00017000,  0.00549316
-0.00016900,  0.00061035
-0.00016800,  0.02319336
-0.00016700,  0.00335693
-0.00016600, -0.00610352
-0.00016500, -0.02136230
-0.00016400,  0.02227783
-0.00016300, -0.00457764
-0.00016200, -0.01892090
-0.00016100, -0.00640869
-0.00016000, -0.01403809
-0.00015900,  0.00823975
-0.00015800,  0.00000000
-0.00015700,  0.00030518
-0.00015600, -0.00976563
-0.00015500, -0.00061035
-0.00015400,  0.01373291
-0.00015300,  0.00976563
-0.00015200, -0.00091553
-0.00015100, -0.00122070
-0.00015000, -0.00305176
-0.00014900,  0.01312256
-0.00014800,  0.00488281
-0.00014700, -0.00732422
-0.00014600, -0.02288818
-0.00014500, -0.00671387
-0.00014400,  0.00427246
-0.00014300,  0.00000000
-0.00014200, -0.01678467
-0.00014100,  0.00762939
-0.00014000,  0.01434326
-0.00013900,  0.01831055
-0.00013800,  0.00946045
-0.00013700,  0.01281738
-0.00013600,  0.00823975
-0.00013500,  0.01098633
-0.00013400,  0.01129150
-0.00013300,  0.00854492
-0.00013200, -0.01220703
-0.00013100, -0.00640869
-0.00013000, -0.00091553
-0.00012900,  0.00213623
-0.00012800, -0.01220703
-0.00012700, -0.01861572
-0.00012600, -0.00640869
-0.00012500,  0.00335693
-0.00012400, -0.00427246
-0.00012300, -0.00549316
-0.00012200, -0.00366211
-0.00012100,  0.00732422
-0.00012000,  0.01129150
-0.00011900,  0.00488281
-0.00011800,  0.00488281
-0.00011700, -0.00030518
-0.00011600,  0.00122070
-0.00011500,  0.00274658
-0.00011400,  0.00213623
-0.00011300, -0.01098633
-0.00011200, -0.01007080
-0.00011100,  0.00854492
-0.00011000,  0.01037598
-0.00010900,  0.00457764
-0.00010800, -0.01037598
-0.00010700,  0.01464844
-0.00010600, -0.00244141
-0.00010500,  0.00854492
-0.00010400,  0.00244141
-0.00010300, -0.01068115
-0.00010200, -0.00061035
-0.00010100,  0.01831055
-0.00010000, -0.00885010
-0.00009900, -0.01098633
-0.00009800,  0.00640869
-0.00009700, -0.00579834
-0.00009600,  0.00427246
-0.00009500, -0.00396729
-0.00009400, -0.00305176
-0.00009300, -0.00488281
-0.00009200,  0.01678467
-0.00009100,  0.03265381
-0.00009000, -0.00823975
-0.00008900,  0.01129150
-0.00008800,  0.01678467
-0.00008700,  0.01556396
-0.00008600,  0.00671387
-0.00008500, -0.00335693
-0.00008400, -0.01831055
-0.00008300,  0.00793457
-0.00008200,  0.01129150
-0.00008100, -0.01586914
-0.00008000, -0.00518799
-0.00007900, -0.00152588
-0.00007800,  0.00885010
-0.00007700,  0.01525879
-0.00007600,  0.00793457
-0.00007500, -0.01922607
-0.00007400,  0.00976563
-0.00007300,  0.03234863
-0.00007200, -0.00030518
-0.00007100,  0.01159668
-0.00007000,  0.00061035
-0.00006900,  0.00518799
-0.00006800,  0.02105713
-0.00006700, -0.01129150
-0.00006600, -0.00488281
-0.00006500, -0.03021240
-0.00006400,  0.01617432
-0.00006300,  0.00030518
-0.00006200, -0.01983643
-0.00006100,  0.00518799
-0.00006000,  0.00244141
-0.00005900,  0.00305176
-0.00005800,  0.01129150
-0.00005700,  0.00701904
-0.00005600, -0.00885010
-0.00005500, -0.01281738
-0.00005400,  0.01159668
-0.00005300,  0.00244141
-0.00005200, -0.01373291
-0.00005100, -0.01403809
-0.00005000,  0.00335693
-0.00004900,  0.00030518
-0.00004800, -0.00122070
-0.00004700, -0.01342773
-0.00004600, -0.01251221
-0.00004500,  0.00396729
-0.00004400,  0.00457764
-0.00004300,  0.00976563
-0.00004200, -0.01495361
-0.00004100, -0.00030518
-0.00004000,  0.01037598
-0.00003900,  0.00762939
-0.00003800, -0.00122070
-0.00003700, -0.01892090
-0.00003600, -0.01068115
-0.00003500,  0.00274658
-0.00003400, -0.00610352
-0.00003300,  0.00061035
-0.00003200, -0.02685547
-0.00003100,  0.01251221
-0.00003000,  0.01037598
-0.00002900,  0.01770020
-0.00002800, -0.01739502
-0.00002700,  0.00579834
-0.00002600,  0.01098633
-0.00002500,  0.01922607
-0.00002400, -0.00274658
-0.00002300, -0.00030518
-0.00002200, -0.00427246
-0.00002100,  0.00762939
-0.00002000,  0.01251221
-0.00001900,  0.00671387
-0.00001800, -0.02166748
-0.00001700,  0.00061035
-0.00001600,  0.00823975
-0.00001500,  0.01068115
-0.00001400, -0.00732422
-0.00001300, -0.01068115
-0.00001200,  0.00823975
-0.00001100,  0.01495361
-0.00001000,  0.00885010
-0.00000900,  0.00183105
-0.00000800, -0.00701904
-0.00000700,  0.03753662
-0.00000600, -0.00518799
-0.00000500, -0.00671387
-0.00000400,  0.02349854
-0.00000300, -0.02288818
-0.00000200,  0.01617432
-0.00000100, -0.00366211
 0.00000000,  0.02777100
 0.00000100, -0.03936768
 0.00000200,  0.00549316
 0.00000300,  0.01922607
 0.00000400, -0.00305176
 0.00000500, -0.00488281
 0.00000600, -0.01159668
 0.00000700,  0.01373291
 0.00000800,  0.00549316
 0.00000900,  0.00671387
 0.00001000, -0.00335693
 0.00001100,  0.00030518
 0.00001200,  0.00579834
 0.00001300,  0.00823975
 0.00001400,  0.01037598
 0.00001500, -0.00335693
 0.00001600, -0.00549316
 0.00001700,  0.00213623
 0.00001800,  0.01861572
 0.00001900,  0.00122070
 0.00002000, -0.00732422
 0.00002100, -0.00305176
 0.00002200,  0.00305176
 0.00002300,  0.01800537
 0.00002400, -0.00885010
 0.00002500, -0.00915527
 0.00002600, -0.01251221
 0.00002700,  0.03295898
 0.00002800, -0.01434326
 0.00002900, -0.01220703
 0.00003000, -0.00427246
 0.00003100, -0.00488281
 0.00003200,  0.00427246
 0.00003300, -0.00244141
 0.00003400, -0.00030518
 0.00003500, -0.01037598
 0.00003600, -0.01281738
 0.00003700,  0.03234863
 0.00003800, -0.00335693
 0.00003900, -0.01403809
 0.00004000,  0.00732422
 0.00004100,  0.01190186
 0.00004200,  0.00671387
 0.00004300,  0.00152588
 0.00004400, -0.01525879
 0.00004500,  0.00274658
 0.00004600,  0.01037598
 0.00004700, -0.00305176
 0.00004800, -0.00305176
 0.00004900, -0.01861572
 0.00005000,  0.00579834
 0.00005100,  0.00091553
 0.00005200, -0.00183105
 0.00005300,  0.00000000
 0.00005400, -0.01403809
 0.00005500,  0.00579834
 0.00005600,  0.02014160
 0.00005700,  0.00793457
 0.00005800, -0.00427246
 0.00005900, -0.01007080
 0.00006000,  0.01617432
 0.00006100,  0.01098633
 0.00006200, -0.00396729
 0.00006300, -0.02044678
 0.00006400, -0.00030518
 0.00006500,  0.01220703
 0.00006600,  0.00152588
 0.00006700, -0.01037598
 0.00006800, -0.00183105
 0.00006900, -0.00274658
 0.00007000,  0.00823975
 0.00007100,  0.00213623
 0.00007200,  0.00183105
 0.00007300, -0.00823975
 0.00007400,  0.00396729
 0.00007500,  0.01647949
 0.00007600, -0.00061035
 0.00007700,  0.00366211
 0.00007800, -0.00976563
 0.00007900,  0.01495361
 0.00008000,  0.01159668
 0.00008100, -0.00701904
 0.00008200, -0.01342773
 0.00008300, -0.00152588
 0.00008400,  0.00244141
 0.00008500,  0.00732422
 0.00008600, -0.00335693
 0.00008700, -0.00213623
 0.00008800, -0.00183105
 0.00008900,  0.00274658
 0.00009000,  0.00366211
 0.00009100, -0.00457764
 0.00009200, -0.01312256
 0.00009300, -0.00427246
 0.00009400,  0.01159668
 0.00009500, -0.00457764
 0.00009600,  0.00427246
 0.00009700,  0.00793457
 0.00009800, -0.00274658
 0.00009900,  0.02777100
 0.00010000,  0.00427246
 0.00010100,  0.00915527
 0.00010200, -0.01922607
 0.00010300,  0.02868652
 0.00010400,  0.01708984
 0.00010500, -0.01647949
 0.00010600,  0.00640869
 0.00010700, -0.00701904
 0.00010800,  0.00885010
 0.00010900, -0.00579834
 0.00011000, -0.00274658
 0.00011100, -0.01708984
 0.00011200, -0.00701904
 0.00011300, -0.00305176
 0.00011400,  0.00244141
 0.00011500, -0.01007080
 0.00011600, -0.01190186
 0.00011700,  0.01922607
 0.00011800,  0.02105713
 0.00011900,  0.00732422
 0.00012000,  0.00030518
 0.00012100,  0.00488281
 0.00012200,  0.01922607
 0.00012300,  0.00518799
 0.00012400,  0.00457764
 0.00012500,  0.00061035
 0.00012600, -0.01373291
 0.00012700,  0.02593994
 0.00012800,  0.00183105
 0.00012900, -0.01464844
 0.00013000,  0.00244141
 0.00013100, -0.01831055
 0.00013200,  0.01617432
 0.00013300, -0.01159668
 0.00013400, -0.00366211
 0.00013500, -0.01190186
 0.00013600, -0.00091553
 0.00013700,  0.01831055
 0.00013800,  0.02197266
 0.00013900, -0.03723145
 0.00014000,  0.02105713
 0.00014100,  0.00946045
 0.00014200,  0.00396729
 0.00014300,  0.00183105
 0.00014400, -0.01220703
 0.00014500,  0.00976563
 0.00014600,  0.00793457
 0.00014700,  0.01708984
 0.00014800,  0.00274658
 0.00014900,  0.00274658
 0.00015000,  0.00030518
 0.00015100,  0.01403809
 0.00015200,  0.00823975
 0.00015300, -0.01770020
 0.00015400, -0.01220703
 0.00015500, -0.00274658
 0.00015600,  0.01464844
 0.00015700, -0.00244141
 0.00015800, -0.01617432
 0.00015900, -0.00091553
 0.00016000,  0.01007080
 0.00016100,  0.00732422
 0.00016200, -0.00305176
 0.00016300, -0.00061035
 0.00016400,  0.00610352
 0.00016500, -0.00457764
 0.00016600,  0.02990723
 0.00016700, -0.00701904
 0.00016800,  0.00122070
 0.00016900, -0.01007080
 0.00017000,  0.01434326
 0.00017100, -0.00213623
 0.00017200, -0.01556396
 0.00017300, -0.03295898
 0.00017400,  0.00244141
 0.00017500,  0.00061035
 0.00017600, -0.00427246
 0.00017700, -0.01556396
 0.00017800,  0.00122070
 0.00017900,  0.01098633
 0.00018000,  0.01434326
 0.00018100,  0.00549316
 0.00018200,  0.00091553
 0.00018300,  0.00640869
 0.00018400,  0.00823975
 0.00018500,  0.00701904
 0.00018600,  0.00000000
 0.00018700, -0.01464844
 0.00018800, -0.00427246
 0.00018900,  0.00305176
 0.00019000,  0.01098633
 0.00019100, -0.01953125
 0.00019200, -0.01220703
 0.00019300, -0.00427246
 0.00019400,  0.02227783
 0.00019500, -0.00274658
 0.00019600, -0.02105713
 0.00019700,  0.02899170
 0.00019800, -0.00030518
 0.00019900,  0.01220703
 0.00020000, -0.00213623
 0.00020100, -0.00762939
 0.00020200,  0.01281738
 0.00020300, -0.03265381
 0.00020400,  0.02349854
 0.00020500, -0.00457764
 0.00020600, -0.02593994
 0.00020700,  0.01251221
 0.00020800,  0.00152588
 0.00020900,  0.02288818
 0.00021000,  0.00091553
 0.00021100,  0.00122070
 0.00021200,  0.00244141
 0.00021300,  0.02441406
 0.00021400,  0.01037598
 0.00021500, -0.00732422
 0.00021600, -0.01007080
 0.00021700,  0.00244141
 0.00021800, -0.00396729
 0.00021900, -0.00793457
 0.00022000, -0.00427246
 0.00022100, -0.00976563
 0.00022200, -0.00244141
 0.00022300,  0.01281738
 0.00022400,  0.00854492
 0.00022500,  0.00305176
 0.00022600, -0.01525879
 0.00022700,  0.03967285
 0.00022800,  0.03845215
 0.00022900, -0.02471924
 0.00023000,  0.01281738
 0.00023100,  0.01007080
 0.00023200,  0.01739502
 0.00023300, -0.01281738
 0.00023400, -0.01617432
 0.00023500, -0.01281738
 0.00023600, -0.00549316
 0.00023700, -0.01617432
 0.00023800,  0.01068115
 0.00023900, -0.02166748
 0.00024000, -0.02410889
 0.00024100,  0.02288818
 0.00024200,  0.01037598
 0.00024300,  0.00732422
 0.00024400, -0.00610352
 0.00024500,  0.00122070
 0.00024600,  0.01037598
 0.00024700,  0.01037598
 0.00024800, -0.00213623
 0.00024900, -0.01892090
 0.00025000, -0.00549316
 0.00025100,  0.00305176
 0.00025200,  0.00335693
 0.00025300, -0.02624512
 0.00025400, -0.00061035
 0.00025500, -0.00579834
 0.00025600,  0.01129150
 0.00025700,  0.00457764
 0.00025800, -0.00152588
 0.00025900, -0.00183105
 0.00026000,  0.01556396
 0.00026100,  0.01434326
 0.00026200,  0.00823975
 0.00026300, -0.01403809
 0.00026400, -0.00640869
 0.00026500,  0.00579834
 0.00026600,  0.01098633
 0.00026700, -0.01739502
 0.00026800, -0.01220703
 0.00026900, -0.00457764
 0.00027000,  0.01129150
 0.00027100,  0.00305176
 0.00027200, -0.00091553
 0.00027300,  0.00976563
 0.00027400,  0.01159668
 0.00027500,  0.01647949
 0.00027600,  0.01403809
 0.00027700,  0.00610352
 0.00027800, -0.00305176
 0.00027900,  0.00213623
 0.00028000,  0.00274658
 0.00028100, -0.00152588
 0.00028200, -0.01922607
 0.00028300, -0.01617432
 0.00028400,  0.00000000
 0.00028500,  0.00122070
 0.00028600,  0.00030518
 0.00028700, -0.01892090
 0.00028800,  0.00549316
 0.00028900,  0.01983643
 0.00029000,  0.01281738
 0.00029100,  0.00305176
 0.00029200,  0.00396729
 0.00029300,  0.01129150
 0.00029400,  0.01098633
 0.00029500,  0.01434326
 0.00029600, -0.01159668
 0.00029700, -0.00091553
 0.00029800, -0.01251221
 0.00029900, -0.00518799
 0.00030000,  0.01831055
 0.00030100, -0.03204346
 0.00030200, -0.00793457
 0.00030300,  0.01647949
 0.00030400,  0.00213623
 0.00030500,  0.01708984
 0.00030600,  0.00091553
 0.00030700,  0.00610352
 0.00030800,  0.01586914
 0.00030900,  0.00335693
 0.00031000,  0.00183105
 0.00031100, -0.01129150
 0.00031200, -0.00671387
 0.00031300, -0.00274658
 0.00031400, -0.00183105
 0.00031500, -0.00854492
 0.00031600, -0.01831055
 0.00031700, -0.00366211
 0.00031800,  0.01525879
 0.00031900,  0.00396729
 0.00032000, -0.00823975
 0.00032100, -0.00122070
 0.00032200,  0.01373291
 0.00032300,  0.01922607
 0.00032400, -0.00152588
 0.00032500,  0.00213623
 0.00032600, -0.03021240
 0.00032700,  0.03479004
 0.00032800,  0.00915527
 0.00032900, -0.04821777
 0.00033000,  0.00946045
 0.00033100, -0.00640869
 0.00033200, -0.00122070
 0.00033300,  0.00793457
 0.00033400, -0.00061035
 0.00033500,  0.00946045
 0.00033600, -0.00061035
 0.00033700,  0.00823975
 0.00033800,  0.02288818
 0.00033900,  0.01159668
 0.00034000, -0.03845215
 0.00034100,  0.01953125
 0.00034200,  0.01159668
 0.00034300, -0.01342773
 0.00034400, -0.02441406
 0.00034500, -0.00610352
 0.00034600,  0.00518799
 0.00034700, -0.00244141
 0.00034800, -0.00854492
 0.00034900, -0.00549316
 0.00035000, -0.00579834
 0.00035100,  0.01251221
 0.00035200,  0.00976563
 0.00035300,  0.00518799
 0.00035400, -0.00335693
 0.00035500,  0.00305176
 0.00035600,  0.01678467
 0.00035700,  0.01586914
 0.00035800, -0.01556396
 0.00035900, -0.00793457
 0.00036000, -0.00122070
 0.00036100,  0.01770020
 0.00036200, -0.02014160
 0.00036300, -0.00793457
 0.00036400, -0.00457764
 0.00036500,  0.01312256
 0.00036600, -0.00152588
 0.00036700,  0.00579834
 0.00036800, -0.00518799
 0.00036900,  0.00396729
 0.00037000,  0.00671387
 0.00037100,  0.00549316
 0.00037200,  0.00396729
 0.00037300, -0.01678467
 0.00037400, -0.00396729
 0.00037500,  0.00396729
 0.00037600,  0.00488281
 0.00037700, -0.00244141
 0.00037800, -0.01403809
 0.00037900,  0.01098633
 0.00038000,  0.00976563
 0.00038100,  0.00610352
 0.00038200, -0.00518799
 0.00038300,  0.01403809
 0.00038400,  0.00762939
 0.00038500,  0.01800537
 0.00038600,  0.00823975
 0.00038700, -0.01037598
 0.00038800,  0.00244141
 0.00038900,  0.00122070
 0.00039000,  0.00030518
 0.00039100, -0.00885010
 0.00039200, -0.01434326
 0.00039300, -0.00061035
 0.00039400, -0.00427246
 0.00039500,  0.02960205
 0.00039600, -0.01251221
 0.00039700, -0.01739502
 0.00039800,  0.03814697
 0.00039900, -0.00183105
 0.00040000,  0.02777100
 0.00040100, -0.02563477
 0.00040200,  0.00427246
 0.00040300,  0.01647949
 0.00040400, -0.00091553
 0.00040500, -0.02502441
 0.00040600,  0.03509521
 0.00040700, -0.04058838
 0.00040800,  0.00396729
 0.00040900,  0.01403809
 0.00041000, -0.02288818
 0.00041100, -0.00610352
 0.00041200, -0.01190186
 0.00041300,  0.00915527
 0.00041400,  0.01556396
 0.00041500, -0.01861572
 0.00041600, -0.00061035
 0.00041700,  0.00488281
 0.00041800,  0.01068115
 0.00041900, -0.00274658
 0.00042000, -0.01586914
 0.00042100, -0.01495361
 0.00042200,  0.01159668
 0.00042300, -0.01037598
 0.00042400,  0.00122070
 0.00042500, -0.00549316
 0.00042600, -0.02380371
 0.00042700,  0.02319336
 0.00042800,  0.03173828
 0.00042900, -0.02227783
 0.00043000,  0.00518799
 0.00043100,  0.00549316
 0.00043200,  0.00030518
 0.00043300,  0.01129150
 0.00043400, -0.00366211
 0.00043500,  0.01464844
 0.00043600, -0.01007080
 0.00043700,  0.00122070
 0.00043800, -0.01281738
 0.00043900,  0.02014160
 0.00044000, -0.01678467
 0.00044100, -0.00701904
 0.00044200,  0.02014160
 0.00044300,  0.00640869
 0.00044400,  0.00000000
 0.00044500,  0.01831055
 0.00044600,  0.00000000
 0.00044700,  0.01922607
 0.00044800,  0.00091553
 0.00044900,  0.00030518
 0.00045000,  0.00427246
 0.00045100, -0.00885010
 0.00045200, -0.00488281
 0.00045300, -0.00762939
 0.00045400,  0.00000000
 0.00045500, -0.01464844
 0.00045600,  0.00671387
 0.00045700, -0.00213623
 0.00045800,  0.01159668
 0.00045900, -0.00915527
 0.00046000,  0.01068115
 0.00046100,  0.00915527
 0.00046200,  0.00579834
 0.00046300,  0.00579834
 0.00046400,  0.00671387
 0.00046500, -0.00854492
 0.00046600,  0.00823975
 0.00046700, -0.00122070
 0.00046800, -0.00427246
 0.00046900, -0.01678467
 0.00047000, -0.00579834
 0.00047100, -0.00518799
 0.00047200,  0.00091553
 0.00047300, -0.00671387
 0.00047400,  0.00213623
 0.00047500,  0.00579834
 0.00047600,  0.00854492
 0.00047700,  0.01342773
 0.00047800, -0.00488281
 0.00047900,  0.00946045
 0.00048000, -0.00183105
 0.00048100,  0.00671387
 0.00048200,  0.00213623
 0.00048300, -0.00274658
 0.00048400, -0.01495361
 0.00048500,  0.00823975
 0.00048600, -0.00396729
 0.00048700,  0.00579834
 0.00048800, -0.01220703
 0.00048900,  0.01007080
 0.00049000, -0.00274658
 0.00049100,  0.00213623
 0.00049200,  0.00793457
 0.00049300, -0.00030518
 0.00049400,  0.01037598
 0.00049500, -0.00823975
 0.00049600,  0.01312256
 0.00049700,  0.00152588
 0.00049800, -0.01586914
 0.00049900,  0.00732422
 0.00050000, -0.01037598
 0.00050100, -0.00762939
 0.00050200, -0.01251221
 0.00050300, -0.00305176
 0.00050400,  0.01068115
 0.00050500, -0.00305176
 0.00050600, -0.00885010
 0.00050700,  0.02990723
 0.00050800, -0.00457764
 0.00050900,  0.01495361
 0.00051000,  0.00213623
 0.00051100,  0.01190186
 0.00051200, -0.00274658
 0.00051300, -0.00030518
 0.00051400,  0.01861572
 0.00051500, -0.01007080
 0.00051600,  0.00213623
 0.00051700,  0.00213623
 0.00051800, -0.00915527
 0.00051900, -0.01037598
 0.00052000,  0.00610352
 0.00052100,  0.00030518
 0.00052200, -0.01403809
 0.00052300,  0.01068115
 0.00052400,  0.00915527
 0.00052500,  0.00854492
 0.00052600, -0.01037598
 0.00052700,  0.01983643
 0.00052800,  0.01922607
 0.00052900, -0.02655029
 0.00053000,  0.00213623
 0.00053100,  0.00701904
 0.00053200, -0.01556396
 0.00053300, -0.00732422
 0.00053400,  0.01068115
 0.00053500, -0.00915527
 0.00053600, -0.00518799
 0.00053700,  0.01098633
 0.00053800, -0.01403809
 0.00053900,  0.01617432
 0.00054000,  0.00732422
 0.00054100, -0.00854492
 0.00054200, -0.00579834
 0.00054300,  0.02563477
 0.00054400, -0.00396729
 0.00054500,  0.00122070
 0.00054600, -0.01037598
 0.00054700,  0.02166748
 0.00054800, -0.00976563
 0.00054900, -0.01373291
 0.00055000, -0.00030518
 0.00055100,  0.00305176
 0.00055200, -0.00366211
 0.00055300, -0.00488281
 0.00055400,  0.01892090
 0.00055500, -0.00854492
 0.00055600,  0.00366211
 0.00055700,  0.00885010
 0.00055800,  0.00366211
 0.00055900, -0.00244141
 0.00056000,  0.00061035
 0.00056100,  0.00946045
 0.00056200, -0.00061035
 0.00056300,  0.00366211
 0.00056400,  0.00000000
 0.00056500, -0.00915527
 0.00056600, -0.00183105
 0.00056700,  0.00457764
 0.00056800, -0.00305176
 0.00056900, -0.01800537
 0.00057000,  0.00610352
 0.00057100,  0.00122070
 0.00057200,  0.01007080
 0.00057300, -0.00091553
 0.00057400,  0.00518799
 0.00057500, -0.00305176
 0.00057600,  0.00305176
 0.00057700,  0.00244141
 0.00057800, -0.00854492
 0.00057900, -0.00488281
 0.00058000,  0.00335693
 0.00058100, -0.00671387
 0.00058200,  0.00061035
 0.00058300, -0.00610352
 0.00058400,  0.00762939
 0.00058500,  0.00305176
 0.00058600,  0.00152588
 0.00058700,  0.00366211
 0.00058800, -0.00213623
 0.00058900,  0.00274658
 0.00059000,  0.00671387
 0.00059100,  0.00885010
 0.00059200,  0.00915527
 0.00059300, -0.00183105
 0.00059400,  0.00701904
 0.00059500, -0.00976563
 0.00059600,  0.01190186
 0.00059700, -0.00396729
 0.00059800, -0.03692627
 0.00059900,  0.03143311
 0.00060000, -0.01373291
 0.00060100, -0.00061035
 0.00060200, -0.01007080
 0.00060300,  0.01586914
 0.00060400, -0.00335693
 0.00060500,  0.01586914
 0.00060600, -0.01098633
 0.00060700, -0.00671387
 0.00060800,  0.00732422
 0.00060900,  0.00488281
 0.00061000,  0.00427246
 0.00061100, -0.01434326
 0.00061200,  0.01251221
 0.00061300, -0.00427246
 0.00061400,  0.00061035
 0.00061500,  0.01586914
 0.00061600, -0.03326416
 0.00061700,  0.03814697
 0.00061800, -0.03295898
 0.00061900,  0.00000000
 0.00062000,  0.02868652
 0.00062100, -0.01922607
 0.00062200,  0.01251221
 0.00062300,  0.00000000
 0.00062400,  0.02105713
 0.00062500, -0.01342773
 0.00062600,  0.00061035
 0.00062700, -0.00030518
 0.00062800, -0.00823975
 0.00062900, -0.00030518
 0.00063000, -0.00610352
 0.00063100,  0.00213623
 0.00063200,  0.00213623
 0.00063300, -0.00213623
 0.00063400,  0.01312256
 0.00063500, -0.00823975
 0.00063600, -0.00122070
 0.00063700,  0.00457764
 0.00063800,  0.00488281
 0.00063900,  0.00335693
 0.00064000, -0.00183105
 0.00064100,  0.00396729
 0.00064200,  0.00396729
 0.00064300,  0.01037598
 0.00064400,  0.00305176
 0.00064500, -0.00091553
 0.00064600, -0.01068115
 0.00064700,  0.00549316
 0.00064800,  0.00000000
 0.00064900, -0.00762939
 0.00065000,  0.00091553
 0.00065100, -0.00152588
 0.00065200,  0.00457764
 0.00065300,  0.00396729
 0.00065400,  0.01434326
 0.00065500, -0.01342773
 0.00065600,  0.00091553
 0.00065700,  0.01861572
 0.00065800, -0.00854492
 0.00065900, -0.01220703
 0.00066000,  0.00823975
 0.00066100,  0.00000000
 0.00066200, -0.00091553
 0.00066300,  0.00000000
 0.00066400,  0.00000000
 0.00066500,  0.00701904
 0.00066600, -0.00518799
 0.00066700,  0.00518799
 0.00066800,  0.00396729
 0.00066900,  0.00305176
 0.00067000,  0.00061035
 0.00067100,  0.00976563
 0.00067200,  0.00427246
 0.00067300,  0.00518799
 0.00067400, -0.00183105
 0.00067500,  0.00152588
 0.00067600, -0.00305176
 0.00067700,  0.00885010
 0.00067800, -0.01007080
 0.00067900, -0.01434326
 0.00068000,  0.00488281
 0.00068100,  0.00030518
 0.00068200, -0.00366211
 0.00068300,  0.00000000
 0.00068400,  0.00366211
 0.00068500,  0.00610352
 0.00068600,  0.00305176
 0.00068700,  0.00305176
 0.00068800,  0.00213623
 0.00068900,  0.00885010
 0.00069000, -0.01617432
 0.00069100,  0.01861572
 0.00069200,  0.00000000
 0.00069300, -0.00732422
 0.00069400,  0.00457764
 0.00069500, -0.00305176
 0.00069600,  0.00976563
 0.00069700,  0.00000000
 0.00069800, -0.00061035
 0.00069900, -0.00213623
 0.00070000,  0.00701904
 0.00070100,  0.00671387
 0.00070200,  0.00030518
 0.00070300, -0.00030518
 0.00070400,  0.00213623
 0.00070500,  0.00122070
 0.00070600, -0.00579834
 0.00070700, -0.00183105
 0.00070800, -0.00762939
 0.00070900, -0.00885010
 0.00071000,  0.00244141
 0.00071100, -0.00213623
 0.00071200, -0.01007080
 0.00071300, -0.00366211
 0.00071400,  0.01037598
 0.00071500,  0.00366211
 0.00071600, -0.01037598
 0.00071700,  0.00701904
 0.00071800, -0.00274658
 0.00071900,  0.00152588
 0.00072000, -0.00366211
 0.00072100, -0.00183105
 0.00072200, -0.00762939
 0.00072300, -0.00793457
 0.00072400, -0.00061035
 0.00072500, -0.00396729
 0.00072600, -0.00671387
 0.00072700, -0.00152588
 0.00072800, -0.00518799
 0.00072900,  0.00518799
 0.00073000, -0.00152588
 0.00073100, -0.00183105
 0.00073200, -0.00488281
 0.00073300,  0.00366211
 0.00073400,  0.00762939
 0.00073500, -0.00274658
 0.00073600,  0.00030518
 0.00073700, -0.00030518
 0.00073800, -0.00122070
 0.00073900, -0.01281738
 0.00074000, -0.00152588
 0.00074100, -0.00091553
 0.00074200, -0.01007080
 0.00074300, -0.00427246
 0.00074400,  0.00427246
 0.00074500, -0.00701904
 0.00074600,  0.00122070
 0.00074700,  0.00335693
 0.00074800,  0.02258301
 0.00074900, -0.00305176
 0.00075000,  0.00396729
 0.00075100, -0.00152588
 0.00075200, -0.00274658
 0.00075300, -0.00305176
 0.00075400,  0.00610352
 0.00075500, -0.00885010
 0.00075600, -0.00427246
 0.00075700,  0.00671387
 0.00075800,  0.01068115
 0.00075900, -0.00579834
 0.00076000,  0.01464844
 0.00076100,  0.00762939
 0.00076200,  0.01007080
 0.00076300,  0.01434326
 0.00076400,  0.00427246
 0.00076500,  0.00946045
 0.00076600,  0.00122070
 0.00076700,  0.00915527
